     1	
     2	***************************************************************
     3	
     4	               AWARD BIOS DRIVE TYPE TABLE
     5	
     6	***************************************************************
     7	
     8	TYPE   CYLINDER   HEADS     WRITE    LANDING        SPECIFIC
     9	                          PRE-COMP    ZONE            DISK
    10	***************************************************************
    11	
    12	  1       306       4         128       305
    13	  2       615       4         300       615       Seagate 4026
    14	  3       615       6         300       615
    15	  4       940       8         512       940
    16	  5       940       6         512       940
    17	  6       615       4           0       615
    18	  7       462       8         256       511
    19	  8       733       5           0       733
    20	  9       900      15           0       901
    21	 10       820       3           0       820
    22	 11       855       5           0       855
    23	 12       855       7           0       855
    24	 13       306       8         128       319
    25	 14       733       7           0       733
    26	 15               reserved
    27	 16       612       4           0       663
    28	 17       997       5         300       997
    29	 18       997       7           0       997
    30	 19      1024       7         512      1023
    31	 20       733       5         300       732
    32	 21       733       7         300       732
    33	 22       733       5         300       733
    34	 23       306       4           0       336
    35	 24               reserved
    36	 25      1024       9           0      1023       Seagate 4096
    37	 26      1224       7           0      1223        Maxtor 2085
    38	 27      1224      11           0      1223        Maxtor 2140
    39	 28      1224      15           0      1223        Maxtor 2190
    40	 29      1024       8           0      1023        Maxtor 1085
    41	 30      1024      11           0      1023        Maxtor 1105
    42	 31       918      11           0      1023        Maxtor 1170
    43	 32       925       9           0       926           CDC 9415
    44	 33      1024      10           0      1023
    45	 34      1024      12           0      1023
    46	 35      1024      13           0      1023
    47	 36      1024      14           0      1023
    48	 37      1024       2           0      1023
    49	 38      1024      16           0      1023
    50	 39       918      15           0      1023        Maxtor 1140
    51	 40       820       6           0       820       Seagate 251
    52	