     1	    **********************************************
     2	           PHOENIX BIOS DRIVE TYPE TABLE
     3	
     4	    **********************************************
     5	    
     6	    TYPE    CYLINDER   HEAD       WRITE    LANDING
     7	                                PRE-COMP    ZONE
     8	    **********************************************
     9	      1        306       4         128       305
    10	      2        615       4         300       615
    11	      3        615       6         300       615
    12	      4        940       8         512       940
    13	      5        940       6         512       940
    14	      6        615       4        none       615
    15	      7        462       8         256       511
    16	      8        733       5        none       733
    17	      9        900      15        none       901
    18	     10        820       3        none       820
    19	     11        855       5        none       855
    20	     12        855       7        none       855
    21	     13        306       8         128       319
    22	     14        733       7        none       733
    23	     15                reserved
    24	     16        612       4           0       663
    25	     17        977       5         300       977
    26	     18        977       7        none       977
    27	     19       1024       7         512      1023
    28	     20        733       5         300       732
    29	     21        733       7         300       732
    30	     22        733       5         300       733
    31	     23        306       4           0       336
    32	     24                reserved
    33	     25        615       4           0       615
    34	     26       1024       4        none      1023
    35	     27       1024       5        none      1023
    36	     28       1024       8        none      1023
    37	     29        512       8         256       512
    38	     35       1024       9        1024      1024
    39	     36       1024       5         512      1024
    40	     37        830      10        none       830
    41	     38        823      10         256       824
    42	     39        615       4         128       664
    43	     40        615       8         128       664
    44	     41        917      15        none       918
    45	     42       1023      15        none      1024
    46	     43        823      10         512       823
    47	     44        820       6        none       820
    48	     45       1024       8        none      1024  
    49	     46        925       9        none       925
    50	     47        699       7         256       700
    51	